Solution:
Objective value = 120342.59259259258

Month       veg 1       veg 2       oil 1       oil 2       oil 3     
January     0.00        0.00        0.00        0.00        0.00      
            0.00        200.00      0.00        250.00      0.00      
            500.00      300.00      500.00      250.00      500.00    
-----------------------------------------------------------------------
February    0.00        0.00        0.00        500.00      0.00      
            159.26      40.74       0.00        250.00      0.00      
            340.74      259.26      500.00      500.00      500.00    
-----------------------------------------------------------------------
March       0.00        0.00        0.00        0.00        0.00      
            96.30       103.70      0.00        250.00      0.00      
            244.44      155.56      500.00      250.00      500.00    
-----------------------------------------------------------------------
April       0.00        0.00        0.00        0.00        0.00      
            159.26      40.74       0.00        250.00      0.00      
            85.19       114.81      500.00      0.00        500.00    
-----------------------------------------------------------------------
May         0.00        0.00        0.00        0.00        250.00    
            85.19       114.81      0.00        0.00        250.00    
            0.00        0.00        500.00      0.00        500.00    
-----------------------------------------------------------------------
June        659.26      540.74      0.00        750.00      0.00      
            159.26      40.74       0.00        250.00      0.00      
            0.00        0.00        0.00        0.00        0.00      
-----------------------------------------------------------------------
