Solution:
Objective value = 100278.70370370371

Month       veg 1       veg 2       oil 1       oil 2       oil 3     
January     0.00        0.00        0.00        0.00        -0.00     
            0.00        200.00      0.00        40.00       210.00    
            500.00      300.00      500.00      460.00      290.00    
-----------------------------------------------------------------------
February    0.00        0.00        0.00        0.00        0.00      
            85.19       114.81      0.00        0.00        250.00    
            414.81      185.19      500.00      460.00      40.00     
-----------------------------------------------------------------------
March       0.00        0.00        0.00        0.00        770.00    
            85.19       114.81      0.00        0.00        250.00    
            329.63      70.37       500.00      460.00      560.00    
-----------------------------------------------------------------------
April       -0.00       0.00        -0.00       0.00        0.00      
            155.00      0.00        0.00        230.00      20.00     
            174.63      70.37       500.00      230.00      540.00    
-----------------------------------------------------------------------
May         -0.00       0.00        0.00        -0.00       0.00      
            155.00      0.00        0.00        230.00      20.00     
            19.63       70.37       500.00      0.00        520.00    
-----------------------------------------------------------------------
June        480.37      629.63      0.00        730.00      0.00      
            0.00        200.00      -0.00       230.00      20.00     
            500.00      500.00      500.00      500.00      500.00    
-----------------------------------------------------------------------
