Solution:
Objective value = 87356.42857142857

Month       Product 1   Product 2   Product 3   Product 4   Product 5   Product 6   Product 7 
January     500.00      888.57      300.00      300.00      800.00      200.00      0.00      
            500.00      888.57      300.00      300.00      800.00      200.00      0.00      
            0.00        0.00        0.00        0.00        0.00        0.00        0.00      
-----------------------------------------------------------------------------------------------
February    600.00      500.00      200.00      0.00        400.00      300.00      150.00    
            600.00      500.00      200.00      0.00        400.00      300.00      150.00    
            0.00        0.00        0.00        0.00        0.00        0.00        0.00      
-----------------------------------------------------------------------------------------------
March       0.00        0.00        0.00        0.00        0.00        400.00      0.00      
            0.00        0.00        0.00        0.00        0.00        400.00      0.00      
            0.00        0.00        0.00        0.00        0.00        0.00        0.00      
-----------------------------------------------------------------------------------------------
April       200.00      300.00      400.00      500.00      200.00      0.00        100.00    
            200.00      300.00      400.00      500.00      200.00      0.00        50.00     
            0.00        0.00        0.00        0.00        0.00        0.00        50.00     
-----------------------------------------------------------------------------------------------
May         0.00        100.00      500.00      100.00      1000.00     300.00      0.00      
            0.00        100.00      450.00      100.00      950.00      300.00      0.00      
            0.00        0.00        50.00       0.00        50.00       0.00        50.00     
-----------------------------------------------------------------------------------------------
June        500.00      500.00      0.00        300.00      0.00        500.00      0.00      
            450.00      450.00      0.00        250.00      0.00        450.00      0.00      
            50.00       50.00       50.00       50.00       50.00       50.00       50.00     
-----------------------------------------------------------------------------------------------
