Solution:
Objective value = 102405.0

Month       Product 1   Product 2   Product 3   Product 4   Product 5   Product 6   Product 7 
January     500.00      1000.00     300.00      300.00      800.00      200.00      100.00    
            500.00      1000.00     300.00      300.00      800.00      200.00      100.00    
            0.00        0.00        0.00        0.00        0.00        0.00        0.00      
-----------------------------------------------------------------------------------------------
February    600.00      500.00      200.00      0.00        400.00      300.00      150.00    
            600.00      500.00      200.00      0.00        400.00      300.00      150.00    
            0.00        0.00        0.00        0.00        0.00        0.00        0.00      
-----------------------------------------------------------------------------------------------
March       300.00      600.00      0.00        0.00        500.00      400.00      100.00    
            300.00      600.00      0.00        0.00        500.00      400.00      100.00    
            0.00        0.00        0.00        0.00        0.00        0.00        0.00      
-----------------------------------------------------------------------------------------------
April       0.00        0.00        0.00        0.00        0.00        0.00        0.00      
            0.00        0.00        0.00        0.00        0.00        0.00        0.00      
            0.00        0.00        0.00        0.00        0.00        0.00        0.00      
-----------------------------------------------------------------------------------------------
May         0.00        100.00      500.00      100.00      1000.00     300.00      0.00      
            0.00        100.00      500.00      100.00      1000.00     300.00      0.00      
            0.00        0.00        0.00        0.00        0.00        0.00        0.00      
-----------------------------------------------------------------------------------------------
June        500.00      500.00      100.00      300.00      1100.00     500.00      60.00     
            450.00      450.00      50.00       250.00      1050.00     450.00      10.00     
            50.00       50.00       50.00       50.00       50.00       50.00       50.00     
-----------------------------------------------------------------------------------------------
month      grinding     Vertical drilling     hori            boner    planer    
January     0.00        0.00        1.00        0.00        0.00        0.00        0.00      
----------------------------------------------------------------------------------
February    0.00        0.00        0.00        0.00        0.00        0.00        0.00      
----------------------------------------------------------------------------------
March       0.00        0.00        0.00        0.00        0.00        0.00        0.00      
----------------------------------------------------------------------------------
April       1.00        1.00        1.00        1.00        1.00        0.00        0.00      
----------------------------------------------------------------------------------
May         1.00        1.00        0.00        0.00        0.00        0.00        0.00      
----------------------------------------------------------------------------------
June        0.00        0.00        1.00        0.00        0.00        0.00        0.00      
----------------------------------------------------------------------------------
