Solution:
1       City: Winchester:   0.8353963532226083
2       City: Andover:   0.9173789173789172
4       City: Poole:   0.8644668903402889
5       City: Woking:   0.8449997508427517
10       City: Guildford:   0.8024387659836931
12       City: Weybridge:   0.8543451652386781
13       City: Dorchester:   0.8665223889892258
14       City: Bridport:   0.9815723686629171
17       City: Chichester:   0.8254171263793667
19       City: Petworth:   0.9878360994000843
20       City: Midhurst:   0.8888082972530779
21       City: Reading:   0.9839666828100019
+------------+------------+------------+------------+-------------+------------+------------+------------+------------+------------+
|   location |   weights1 |   weights2 |   weights3 |    weights4 |   weights5 |   weights6 |   weights7 |   weights8 |   weights9 |
+============+============+============+============+=============+============+============+============+============+============+
|          1 |  0.0124265 | 0          |  0         | 0.00247027  |  0.094728  |  0.0195458 |  0.113199  | 0.00387454 |   0.404449 |
+------------+------------+------------+------------+-------------+------------+------------+------------+------------+------------+
|          2 |  0.115385  | 0.0512821  |  0         | 0           |  0         |  0         |  0.39886   | 0          |   0        |
+------------+------------+------------+------------+-------------+------------+------------+------------+------------+------------+
|          4 |  0         | 0.0188451  |  0         | 0.000633914 |  0.0814546 |  0         |  0.0651289 | 0          |   0.365859 |
+------------+------------+------------+------------+-------------+------------+------------+------------+------------+------------+
|          5 |  0.0150829 | 0          |  0         | 0.000781628 |  0.0617468 |  0.032428  |  0         | 0.217669   |   0.313665 |
+------------+------------+------------+------------+-------------+------------+------------+------------+------------+------------+
|         10 |  0.0143329 | 0          |  0         | 0.000406728 |  0.0746368 |  0.0360115 |  0.0619834 | 0          |   0.397278 |
+------------+------------+------------+------------+-------------+------------+------------+------------+------------+------------+
|         12 |  0.149327  | 0          |  0.0281518 | 0           |  0         |  0         |  0.379437  | 0          |   0.122399 |
+------------+------------+------------+------------+-------------+------------+------------+------------+------------+------------+
|         13 |  0.0139814 | 0          |  0         | 0.00314505  |  0.117955  |  0         |  0.10961   | 0          |   0.484212 |
+------------+------------+------------+------------+-------------+------------+------------+------------+------------+------------+
|         14 |  0         | 0.00223337 |  0         | 0.00237124  |  0.0958421 |  0         |  0.0596026 | 0          |   0.386567 |
+------------+------------+------------+------------+-------------+------------+------------+------------+------------+------------+
|         17 |  0.0111081 | 0.00794823 |  0         | 0.00244265  |  0.125188  |  0         |  0.0978525 | 0          |   0.544611 |
+------------+------------+------------+------------+-------------+------------+------------+------------+------------+------------+
|         19 |  0         | 0.155859   |  0.0580556 | 0.0133315   |  0         |  0         |  0.141042  | 0          |   0.500822 |
+------------+------------+------------+------------+-------------+------------+------------+------------+------------+------------+
|         20 |  0.0180558 | 0          |  0         | 0.0105713   |  0.365648  |  0         |  0.29444   | 0.0473597  |   1.43063  |
+------------+------------+------------+------------+-------------+------------+------------+------------+------------+------------+
|         21 |  0.0007811 | 0.00592687 |  0         | 9.03087e-05 |  0.0227847 |  0         |  0.0193836 | 0          |   0.106035 |
+------------+------------+------------+------------+-------------+------------+------------+------------+------------+------------+